key_sign: SigningKey { verifying_key: VerifyingKey(CompressedEdwardsY: [239, 41, 206, 30, 43, 21, 30, 83, 184, 247, 71, 254, 206, 215, 56, 208, 254, 119, 51, 253, 252, 93, 9, 37, 232, 239, 23, 130, 128, 208, 78, 190]), EdwardsPoint{
        X: FieldElement51([196964665735031, 1184874563443637, 317756921151978, 1764399712160956, 1785437082244185]),
        Y: FieldElement51([192090482635091, 776471076975755, 1193804591909303, 1537259668979324, 1767037163232508]),
        Z: FieldElement51([2016590863490932, 1823326840042534, 1169069532418500, 1980182126131335, 1520843047949352]),
        T: FieldElement51([322373156547361, 307185751326137, 380186214800250, 1610467764591094, 2056937636135205])
}), .. }

signature_verify: ed25519::Signature { R: 0x47de653083f2cf053d10a459dea3c6daccfcef65cdaedbd63d84c190a1fd974d, s: 0xb7ec31ce2321dcebae6f49ee9fb2f5845e85eb410e877fd279f11d6850336401 }
key_verify: VerifyingKey(CompressedEdwardsY: [64, 98, 115, 119, 120, 33, 81, 54, 87, 102, 76, 89, 52, 67, 115, 64, 120, 76, 107, 95, 35, 42, 111, 33, 50, 105, 105, 81, 120, 97, 74, 104]), EdwardsPoint{
        X: FieldElement51([355135390453624, 1066464844852779, 254771226534009, 1442285299462195, 1703852315004342]),
        Y: FieldElement51([318276260553280, 1841860432291530, 1597804623547660, 1294196985369007, 1834698754299542]),
        Z: FieldElement51([1, 0, 0, 0, 0]),
        T: FieldElement51([1193591006411224, 157294531857839, 106590369288980, 1191990516200037, 1075200580203559])
})
